M = 5
N = 14
TM = 2 4 3 0 0
     4 1 4 1 0
     4 1 4 0 0
     4 1 0 0 0
     4 1 4 0 0
     4 1 4 1 0
     4 1 4 0 0
     4 1 4 1 0
     2 4 1 4 1
     2 4 1 5 0
     2 4 1 4 0
     2 4 1 4 1
     2 4 1 4 0
     4 1 4 1 0
TO = 14.94 49.8 1.66 0 0
     16.6 14.94 28.22 8.3 0
     16.6 28.22 28.22 0 0
     49.8 8.3 0 0 0
     16.6 28.22 21.58 0 0
     16.6 28.22 26.56 8.3 0
     16.6 13.28 21.58 0 0
     16.6 28.22 28.22 8.3 0
     14.94 16.6 28.22 11.62 8.3
     14.94 16.6 28.22 3.32 0
     14.94 16.6 28.22 28.22 0
     14.94 16.6 28.22 11.62 8.3
     14.94 16.6 28.22 16.6 0
     16.6 28.22 11.62 8.3 0
