6 9 0 8.28
2 9 8.28 23.22
6 0 23.22 31.5
6 9 31.5 36.28
2 0 31.5 46.44
6 12 46.44 54.72
6 0 54.72 59.5
2 12 54.72 69.66
6 8 69.66 77.94
6 12 77.94 82.72
2 8 77.94 92.88
6 11 92.88 101.16
6 8 101.16 105.94
2 11 101.16 116.1
6 10 116.1 124.38
6 11 124.38 129.16
2 10 124.38 139.32
7 6 0 0.28
10 6 0.28 7.56
4 6 7.56 24.16
7 3 24.16 24.44
10 3 24.44 31.72
10 6 31.72 37
7 6 37 37.28
4 3 31.72 81.52
7 13 92.3 92.58
10 13 92.58 99.86
4 13 99.86 116.46
7 4 116.46 116.74
10 4 116.74 123.82
4 4 123.82 140.42
7 1 140.42 140.7
10 1 140.7 147.98
4 1 147.98 164.58
7 2 178.66 178.94
10 2 178.94 186.22
4 2 186.22 202.82
7 5 217.66 217.94
10 5 217.94 225.22
4 5 225.22 241.82
7 7 243.38 243.66
10 7 243.66 250.94
4 7 250.94 267.54
10 3 81.52 92.3
1 3 92.3 100.6
8 6 100.6 100.88
10 6 100.88 107.66
10 3 107.66 112.44
8 3 112.44 112.72
1 6 107.66 120.94
10 13 123.82 134.6
10 6 134.6 139.38
7 6 139.38 139.66
1 13 134.6 162.82
10 4 162.82 173.6
10 13 173.6 178.38
7 13 178.38 178.66
1 4 173.6 201.82
10 1 201.82 212.6
10 4 212.6 217.38
7 4 217.38 217.66
1 1 212.6 227.54
10 2 227.54 238.32
10 1 238.32 243.1
7 1 243.1 243.38
1 2 238.32 266.54
10 5 266.54 277.32
10 2 277.32 282.1
7 2 282.1 282.38
1 5 277.32 305.54
10 7 305.54 316.32
10 5 316.32 321.1
7 5 321.1 321.38
1 7 316.32 344.54
7 9 282.38 282.66
10 9 282.66 289.94
4 9 289.94 306.54
7 0 321.38 321.66
10 0 321.66 328.94
4 0 328.94 378.74
7 12 378.74 379.02
10 12 379.02 386.3
10 0 386.3 391.58
7 0 391.58 398.36
4 12 386.3 402.9
7 8 426.24 426.52
10 8 426.52 433.8
4 8 433.8 450.4
7 11 466.24 466.52
10 11 466.52 473.8
4 11 473.8 490.4
9 10 506.24 511.02
10 10 511.02 518.3
4 10 518.3 534.9
10 9 344.54 355.32
10 7 355.32 360.1
7 7 360.1 360.38
1 9 355.32 383.54
10 12 402.9 413.68
10 9 413.68 418.46
7 9 418.46 426.24
1 12 413.68 441.9
10 8 450.4 461.18
10 12 461.18 465.96
7 12 465.96 466.24
1 8 461.18 489.4
10 11 490.4 501.18
10 8 501.18 505.96
7 8 505.96 506.24
1 11 501.18 529.4
10 10 534.9 545.68
1 10 545.68 573.9
3 0 398.36 400.02
7 0 400.02 405.8
7 13 534.9 535.18
10 13 545.68 552.96
4 13 552.96 567.58
7 4 567.58 567.86
10 4 567.86 575.14
10 13 575.14 580.42
7 13 580.42 580.7
4 4 575.14 596.72
7 6 596.72 597
10 6 597 604.28
10 4 604.28 609.56
7 4 609.56 609.84
4 6 604.28 625.86
7 2 625.86 626.14
10 2 626.14 633.42
10 6 633.42 638.7
7 6 638.7 638.98
4 2 633.42 661.64
7 5 661.54 661.92
10 5 661.92 669.2
10 2 669.2 674.48
7 2 674.48 674.76
4 5 669.2 695.76
7 1 695.76 696.04
10 1 696.04 703.32
10 5 703.32 708.6
7 5 708.6 708.88
4 1 703.32 731.54
7 7 731.54 731.82
10 7 747.38 754.66
4 7 754.66 765.88
10 1 731.54 742.32
10 10 742.32 747.1
7 10 747.1 747.38
1 1 742.32 750.62
7 5 750.62 750.9
10 5 750.9 757.68
10 1 757.68 762.46
8 1 762.46 762.74
1 5 757.68 765.98
10 7 765.98 776.76
10 5 776.76 781.54
7 5 781.54 781.82
1 7 776.76 785.06
7 13 785.06 785.34
10 13 790.44 797.22
10 7 797.22 802
8 7 802 802.28
1 13 797.22 805.52
8 12 782.88 783.16
10 12 783.16 790.44
4 12 790.44 807.04
8 8 807.04 807.32
10 8 807.32 814.6
10 12 814.6 819.88
7 12 819.38 820.16
4 8 814.6 826.28
8 11 826.28 826.56
10 11 841.84 849.12
4 11 849.12 860.74
7 10 874.1 874.38
10 10 874.38 881.66
4 10 874.38 902.6
7 10 902.6 903.16
5 9 426.24 429.56
9 9 429.56 434.84
10 8 826.28 837.06
10 13 837.06 841.84
7 13 841.84 842.12
1 8 837.06 845.36
10 11 860.74 869.04
10 8 869.04 873.82
8 8 873.82 874.1
1 11 869.04 877.34
10 11 877.34 882.12
7 11 882.12 882.4
